% Output generated by Thijs on 5/12 13:49

>> main

u =

    0.5000    1.0000         0


v =

    0.3100    1.5100   -0.5000


w =

   -1.7000   -1.7000   -1.7000


h =

     1


Q1 =

    0.1259


Q2 =

    0.4711


Q3 =

    0.3980


Q4 =

    0.1534


Q5 =

    0.4828


Q6 =

    0.2260


Q7 =

    0.0022


Q8 =

    0.0011


Q9 =

   7.5716e-05


P1 =

    0.3333


P2 =

    0.3333


P3 =

    0.3333


Q13 =

    0.1266


Q14 =

    0.4734


Q15 =

    0.4000


Q16 =

    0.1779


Q17 =

    0.5599


Q18 =

    0.2621


Q19 =

    0.6548


Q20 =

    0.3223


Q21 =

    0.0229


Q22 =

    1.0000    0.1266
    2.0000    0.4734
    3.0000    0.4000

     2


Q23 =

    1.0000    0.1779
    2.0000    0.5599
    3.0000    0.2621

     2


Q24 =

    1.0000    0.6548
    2.0000    0.3223
    3.0000    0.0229

     1


Q25 =

    1.0000    0.1757
    2.0000    0.4204
    3.0000    0.4039

     2


Q26 =

    1.0000    0.1934
    2.0000    0.4465
    3.0000    0.3601

     2


Q27 =

    1.0000    0.2915
    2.0000    0.4851
    3.0000    0.2234

     2


